,Acuerdos,Adaptación,Automatización,Cambio,Capacitación,Casos de negocio,Clientes,Colaboración,Competencias,Comunicación,Confianza,Conversiones,Costos,Costos operativos,Cultura organizacional,Datos,Documentación,Eficiencia,Ejecución,Experiencia acumulada,Experiencia del cliente,Experiencia fluída,Gobierno de datos,Habilidades,Incertidumbre,Indicadores,Ingresos,Innovación,Inventarios,Inversión,Lealtad,Liderazgo,Marca,Mejorar eficiencia,Optimización,Partes interesadas,Personalización,Planificación,Posicionamiento,Procesos,Protección de la privacidad,Recursos,Rediseño,Reducción de costos,Retención,Satisfacción,Satisfacción del cliente,Soporte técnico,Tecnologías avanzadas,Valores organizacionales,Ventas
Acuerdos,1.0000001,0.32730997,0.2968879,0.38347492,0.33952904,0.31043082,0.3100901,0.37803444,0.44081175,0.38976216,0.3118543,0.2083489,0.25860113,0.25520146,0.20116669,0.2859322,0.3373593,0.30125487,0.36790866,0.4682013,0.26322675,0.2878834,0.32128805,0.34444344,0.34789842,0.4637921,0.34220845,0.2877242,0.41482323,0.18736976,0.31977916,0.37132588,0.27436638,0.32219315,0.27051213,0.37005308,0.2852304,0.36077732,0.2967829,0.35064787,0.17557725,0.30927232,0.2999141,0.31816334,0.37704343,0.33221138,0.28337663,0.27956948,0.38588393,0.1981835,0.33628094
Adaptación,0.32730997,1.0,0.43530852,0.31113932,0.52934873,0.36260635,0.19303484,0.53333455,0.44067973,0.49011922,0.3707983,0.31535286,0.24592358,0.33737758,0.38896936,0.30641356,0.51323146,0.42309153,0.54279506,0.34936446,0.35754955,0.39686257,0.40197313,0.45447576,0.37823638,0.38233584,0.35730284,0.57718956,0.41609207,0.29357287,0.2061288,0.27629673,0.22029273,0.47695497,0.43504018,0.3722491,0.4977224,0.5180135,0.37705564,0.2643894,0.31348667,0.18370077,0.24346387,0.39660227,0.555081,0.20983493,0.2986989,0.47431993,0.43576515,0.40201205,0.3135817
Automatización,0.2968879,0.43530852,1.0000004,0.25678003,0.3784235,0.32800263,0.16117653,0.35629094,0.3451541,0.4807585,0.29485098,0.3089488,0.1346284,0.25278035,0.39107925,0.149918,0.44550502,0.29587868,0.4094452,0.32040814,0.25829414,0.277863,0.2533393,0.32865107,0.22406763,0.21812972,0.23268068,0.5173713,0.38738686,0.16561173,0.18922263,0.22194114,0.19355175,0.40696245,0.5559869,0.26527974,0.60589993,0.41760376,0.31786454,0.2899365,0.331048,0.27283508,0.18530054,0.2973611,0.40568304,0.18542816,0.24003574,0.34861845,0.36963814,0.4103006,0.17721671
Cambio,0.38347492,0.31113932,0.25678003,1.0,0.31451133,0.25828454,0.19195414,0.29652363,0.39977497,0.31757027,0.28285158,0.14893675,0.19721049,0.118879296,0.23747066,0.29469055,0.2472562,0.23574528,0.31090432,0.27689344,0.22881907,0.22788417,0.30380577,0.22195238,0.16818708,0.18775052,0.25764847,0.33618462,0.20545927,0.1525185,0.23235969,0.18168719,0.34948286,0.21056952,0.26460278,0.28318325,0.26832974,0.3465389,0.1654961,0.28770393,0.1967043,0.16252664,0.2515993,0.2167891,0.32389936,0.30193,0.25980455,0.29168543,0.18636304,0.10807176,0.37690872
Capacitación,0.33952904,0.52934873,0.3784235,0.31451133,1.0,0.43180573,0.2248238,0.5913131,0.42742562,0.5928867,0.4338708,0.17281516,0.23008892,0.33118725,0.42075554,0.28069574,0.47541264,0.40347064,0.5437765,0.37002528,0.4054226,0.38300735,0.3941149,0.4685694,0.28944576,0.38778532,0.29616806,0.55811703,0.341969,0.16274644,0.20303772,0.39681867,0.33151144,0.51064503,0.44601548,0.36269683,0.43860972,0.47778705,0.3664319,0.2617331,0.4298504,0.13410877,0.1672189,0.41295207,0.5970782,0.23830888,0.38396472,0.4954859,0.4171978,0.34322613,0.29635864
Casos de negocio,0.31043082,0.36260635,0.32800263,0.25828454,0.43180573,1.0000001,0.2512357,0.43273073,0.3900414,0.4447326,0.3868286,0.18072438,0.3505705,0.47466433,0.3375976,0.26445532,0.4326499,0.3071463,0.45959294,0.3224755,0.463149,0.36302522,0.544657,0.38828528,0.19951718,0.27294514,0.37843853,0.45100495,0.38983744,0.11929946,0.09154472,0.30304587,0.26180682,0.3961215,0.35617754,0.3354277,0.329064,0.43766147,0.348732,0.3863936,0.3575971,0.20913233,0.2842046,0.5527117,0.47136793,0.29272082,0.47859514,0.49340206,0.37359828,0.3212559,0.2667176
Clientes,0.3100901,0.19303484,0.16117653,0.19195414,0.2248238,0.2512357,1.0,0.2539218,0.2752278,0.2945966,0.21915585,0.29925442,0.21918933,0.19872412,0.20717528,0.24418534,0.2692131,0.082680605,0.20087582,0.22106053,0.66152275,0.2722337,0.22166002,0.19934559,0.1508371,0.34531385,0.24745753,0.23220345,0.36291033,0.115459025,0.29573882,0.17553133,0.34006912,0.10850559,0.22913182,0.2473768,0.28151077,0.20389771,0.19165249,0.3018511,0.20099838,0.15505104,0.19639,0.24835438,0.252926,0.16461805,0.5053295,0.23976177,0.24071473,0.27135015,0.19824763
Colaboración,0.37803444,0.53333455,0.35629094,0.29652363,0.5913131,0.43273073,0.2539218,0.99999994,0.3923747,0.51485044,0.456773,0.1863203,0.22073433,0.26548862,0.32448155,0.28161883,0.496148,0.36626095,0.4438012,0.39405316,0.3792513,0.41122115,0.4048605,0.44023162,0.22704327,0.47288606,0.33537227,0.4943436,0.40464115,0.15620631,0.23838632,0.38899466,0.311008,0.37738532,0.39537877,0.30225515,0.40647393,0.49067444,0.36282519,0.3332379,0.29870477,0.2535168,0.28068462,0.41806883,0.5117561,0.34496865,0.4008919,0.40685046,0.37505114,0.3056746,0.25649673
Competencias,0.44081175,0.44067973,0.3451541,0.39977497,0.42742562,0.3900414,0.2752278,0.3923747,1.0000001,0.459606,0.3372914,0.24787594,0.30136824,0.3219961,0.3790335,0.29953122,0.36391222,0.5052827,0.46348065,0.34668493,0.28383464,0.34759277,0.3091473,0.39263928,0.2652696,0.40773606,0.34295326,0.4708408,0.5011494,0.12512437,0.252931,0.2734402,0.27493966,0.43347478,0.4025737,0.3808974,0.36321783,0.45880595,0.29899868,0.43500257,0.30105013,0.20139807,0.2495799,0.2947385,0.40510052,0.2907455,0.29621565,0.44125473,0.3631288,0.3542599,0.43791747
Comunicación,0.38976216,0.49011922,0.4807585,0.31757027,0.5928867,0.4447326,0.2945966,0.51485044,0.459606,0.9999999,0.3592125,0.20227759,0.24927443,0.32457152,0.4552747,0.26225734,0.4957344,0.3823077,0.6638209,0.35249162,0.41253608,0.32847095,0.43111765,0.42527884,0.26063526,0.3129668,0.28189474,0.6155987,0.34510258,0.12640816,0.26208583,0.3817075,0.30123416,0.40393686,0.5334096,0.36208856,0.4660809,0.5110488,0.39376765,0.3099485,0.3809327,0.19029602,0.26661545,0.42030382,0.65431184,0.22706461,0.36043042,0.5442686,0.42405516,0.37577325,0.2754413
Confianza,0.3118543,0.3707983,0.29485098,0.28285158,0.4338708,0.3868286,0.21915585,0.456773,0.3372914,0.3592125,1.0,0.171902,0.19259118,0.21665612,0.15599783,0.2176367,0.34146887,0.40419197,0.33393544,0.33442152,0.29830578,0.35239917,0.2680301,0.32884765,0.32985955,0.30781853,0.36667055,0.3398551,0.44665813,0.23198023,0.14483276,0.31351128,0.35877022,0.45234126,0.30337602,0.27702254,0.26938647,0.37820095,0.3450275,0.23744616,0.15770492,0.17297518,0.31130487,0.28766543,0.40522724,0.32508224,0.27346858,0.32825428,0.46386892,0.15105559,0.26029003
Conversiones,0.2083489,0.31535286,0.3089488,0.14893675,0.17281516,0.18072438,0.29925442,0.1863203,0.24787594,0.20227759,0.171902,1.0000001,0.18638268,0.22788945,0.19785137,0.1875683,0.22426957,0.1461933,0.20344073,0.14181961,0.17301387,0.16271324,0.14890881,0.20534839,0.13464145,0.20515598,0.27845716,0.24075636,0.21761477,0.30850282,0.27740496,0.09187075,0.1774403,0.20218803,0.27487147,0.23881319,0.2511477,0.19100362,0.16893865,0.25242442,0.17383076,0.25798216,0.11849284,0.2036262,0.22913823,0.13048816,0.14052182,0.11596559,0.17223954,0.29898012,0.26183742
Costos,0.25860113,0.24592358,0.1346284,0.19721049,0.23008892,0.3505705,0.21918933,0.22073433,0.30136824,0.24927443,0.19259118,0.18638268,0.99999994,0.80102295,0.20462507,0.5970441,0.18513845,0.19858918,0.2079272,0.13830435,0.20757666,0.2473631,0.43954778,0.17190863,0.08824809,0.2638051,0.46228442,0.24786744,0.2592898,0.05355423,0.2436829,0.2803881,0.25783533,0.15741435,0.3112691,0.2389749,0.1818278,0.31619775,0.34505364,0.5572536,0.19499159,0.26950568,0.270483,0.6298582,0.25031525,0.3060609,0.29001838,0.29332256,0.24311498,0.20514113,0.34422278
Costos operativos,0.25520146,0.33737758,0.25278035,0.118879296,0.33118725,0.47466433,0.19872412,0.26548862,0.3219961,0.32457152,0.21665612,0.22788945,0.80102295,1.0000004,0.27258226,0.45237464,0.28642234,0.2679375,0.37587327,0.25707945,0.32591933,0.2980718,0.47504187,0.23687157,0.14402598,0.26489216,0.383253,0.33667582,0.31156188,0.105803035,0.18403871,0.28595218,0.21403989,0.296412,0.4507944,0.30174917,0.26395762,0.405962,0.40546286,0.49652296,0.33208424,0.26703948,0.24584451,0.74838907,0.37613815,0.23956513,0.3699192,0.4387981,0.35556304,0.31592035,0.27293164
Cultura organizacional,0.20116669,0.38896936,0.39107925,0.23747066,0.42075554,0.3375976,0.20717528,0.32448155,0.3790335,0.4552747,0.15599783,0.19785137,0.20462507,0.27258226,1.0,0.17134513,0.38123876,0.3225826,0.38111302,0.43576795,0.37519568,0.3350789,0.20594725,0.3847006,0.16362937,0.3174867,0.2541231,0.48854387,0.26744714,0.041292228,0.24131823,0.17651789,0.20655292,0.37057585,0.3677715,0.26890358,0.45787033,0.44937968,0.3411566,0.3017939,0.39748788,0.098251976,0.13743968,0.2371839,0.3644412,0.18812342,0.3116756,0.33456045,0.2973109,0.6466515,0.20336214
Datos,0.2859322,0.30641356,0.149918,0.29469055,0.28069574,0.26445532,0.24418534,0.28161883,0.29953122,0.26225734,0.2176367,0.1875683,0.5970441,0.45237464,0.17134513,0.9999999,0.253104,0.21914686,0.23962566,0.13916871,0.1989555,0.19603711,0.6298703,0.18750516,0.11318849,0.29234403,0.5274502,0.22774783,0.25238606,0.1548863,0.23501696,0.28921008,0.2089408,0.1712625,0.18493918,0.26213968,0.19196671,0.24898115,0.2872519,0.44985306,0.10704414,0.24117222,0.2095081,0.38153416,0.26377025,0.3753305,0.32371604,0.27215022,0.24421573,0.11428869,0.41665694
Documentación,0.3373593,0.51323146,0.44550502,0.2472562,0.47541264,0.4326499,0.2692131,0.496148,0.36391222,0.4957344,0.34146887,0.22426957,0.18513845,0.28642234,0.38123876,0.253104,1.0000001,0.3874749,0.53908265,0.40646118,0.45097047,0.39395183,0.41038406,0.46448702,0.2156235,0.37694466,0.29172164,0.4487716,0.3603744,0.20813811,0.2840883,0.26235628,0.26112962,0.4863658,0.3974926,0.32190868,0.44757617,0.5613171,0.41051024,0.31141257,0.34922826,0.1838695,0.15913454,0.35075432,0.50354457,0.18249264,0.36731178,0.4331125,0.4304061,0.35778493,0.21396166
Eficiencia,0.30125487,0.42309153,0.29587868,0.23574528,0.40347064,0.3071463,0.082680605,0.36626095,0.5052827,0.3823077,0.40419197,0.1461933,0.19858918,0.2679375,0.3225826,0.21914686,0.3874749,1.0,0.5976089,0.47936577,0.35308063,0.46361566,0.32791758,0.36079213,0.34663945,0.32639992,0.32578892,0.40174913,0.42381322,0.15291095,0.18023948,0.15905456,0.15438215,0.68730396,0.30935752,0.332859,0.34467214,0.4678256,0.4066873,0.3464535,0.29535198,0.115988776,0.2565125,0.24211961,0.44844463,0.2273025,0.2484717,0.41330203,0.45854753,0.2035643,0.24098814
Ejecución,0.36790866,0.54279506,0.4094452,0.31090432,0.5437765,0.45959294,0.20087582,0.4438012,0.46348065,0.6638209,0.33393544,0.20344073,0.2079272,0.37587327,0.38111302,0.23962566,0.53908265,0.5976089,1.0000001,0.43586677,0.48655888,0.44193953,0.4220424,0.4812209,0.3545136,0.36077017,0.30595917,0.59083843,0.36463717,0.15978938,0.25347376,0.37538671,0.28798413,0.601569,0.5418618,0.40520984,0.45783532,0.55931246,0.45438096,0.32446194,0.4632191,0.19155286,0.17182612,0.38375866,0.7010326,0.1436798,0.34148043,0.5954225,0.49793017,0.32098922,0.28854275
Experiencia acumulada,0.4682013,0.34936446,0.32040814,0.27689344,0.37002528,0.3224755,0.22106053,0.39405316,0.34668493,0.35249162,0.33442152,0.14181961,0.13830435,0.25707945,0.43576795,0.13916871,0.40646118,0.47936577,0.43586677,0.99999976,0.51110065,0.62966347,0.23703685,0.4043943,0.2830394,0.41484612,0.29248303,0.29844174,0.32212996,0.13258448,0.26488224,0.1507556,0.26302344,0.485212,0.29125097,0.33919498,0.37325764,0.38737518,0.43977827,0.35288864,0.39817908,0.15911189,0.20824102,0.29328948,0.39321977,0.34816077,0.3670628,0.34262973,0.49355656,0.25052008,0.24449587
Experiencia del cliente,0.26322675,0.35754955,0.25829414,0.22881907,0.4054226,0.463149,0.66152275,0.3792513,0.28383464,0.41253608,0.29830578,0.17301387,0.20757666,0.32591933,0.37519568,0.1989555,0.45097047,0.35308063,0.48655888,0.51110065,0.99999976,0.58441377,0.40037096,0.35983676,0.27333546,0.34167016,0.34073573,0.3736788,0.34358752,0.12550218,0.26234227,0.15788059,0.31117886,0.39193612,0.35079995,0.31198555,0.39618587,0.39822662,0.3891285,0.3351726,0.4444202,0.13121313,0.19601029,0.44643772,0.4586528,0.16444108,0.70012754,0.47313082,0.35674125,0.3511982,0.1573275
Experiencia fluída,0.2878834,0.39686257,0.277863,0.22788417,0.38300735,0.36302522,0.2722337,0.41122115,0.34759277,0.32847095,0.35239917,0.16271324,0.2473631,0.2980718,0.3350789,0.19603711,0.39395183,0.46361566,0.44193953,0.62966347,0.58441377,1.0000004,0.33760262,0.3740371,0.17786041,0.36437845,0.38934535,0.32829642,0.36551496,0.16000637,0.25119218,0.23292163,0.38192466,0.45524144,0.30302387,0.34746253,0.37237766,0.38279647,0.48714763,0.39159167,0.3611624,0.10325984,0.3093911,0.33784115,0.39098823,0.24586359,0.33864963,0.39531982,0.46296874,0.2811402,0.38534135
Gobierno de datos,0.32128805,0.40197313,0.2533393,0.30380577,0.3941149,0.544657,0.22166002,0.4048605,0.3091473,0.43111765,0.2680301,0.14890881,0.43954778,0.47504187,0.20594725,0.6298703,0.41038406,0.32791758,0.4220424,0.23703685,0.40037096,0.33760262,1.0,0.34073675,0.13517661,0.25833157,0.38438958,0.36505044,0.30043852,0.101133406,0.15774977,0.2925721,0.17608492,0.32324398,0.3025438,0.347767,0.31362087,0.4319439,0.38187268,0.38630894,0.30924946,0.20683885,0.24488756,0.53777796,0.43128347,0.3299228,0.46554288,0.5205859,0.36621743,0.18971302,0.31506175
Habilidades,0.34444344,0.45447576,0.32865107,0.22195238,0.4685694,0.38828528,0.19934559,0.44023162,0.39263928,0.42527884,0.32884765,0.20534839,0.17190863,0.23687157,0.3847006,0.18750516,0.46448702,0.36079213,0.4812209,0.4043943,0.35983676,0.3740371,0.34073675,1.0000001,0.14996877,0.36352015,0.29431978,0.38268477,0.31569326,0.115595765,0.22938983,0.20145005,0.19091865,0.4784099,0.3633103,0.29254615,0.42333674,0.44023907,0.4530707,0.30273595,0.430861,0.17285648,0.23391432,0.29652002,0.48690674,0.2715505,0.33989835,0.37226394,0.45102614,0.35140294,0.25333253
Incertidumbre,0.34789842,0.37823638,0.22406763,0.16818708,0.28944576,0.19951718,0.1508371,0.22704327,0.2652696,0.26063526,0.32985955,0.13464145,0.08824809,0.14402598,0.16362937,0.11318849,0.2156235,0.34663945,0.3545136,0.2830394,0.27333546,0.17786041,0.13517661,0.14996877,1.0,0.33089346,0.26269943,0.27459645,0.31056622,0.22030988,0.1935471,0.2081612,0.19003004,0.3676241,0.16190201,0.30090404,0.21473098,0.34225264,0.3499521,0.22433865,0.14888111,0.2319294,0.12773828,0.16528246,0.33449534,0.23395571,0.2941513,0.28395376,0.27451515,0.08541307,0.18989772
Indicadores,0.4637921,0.38233584,0.21812972,0.18775052,0.38778532,0.27294514,0.34531385,0.47288606,0.40773606,0.3129668,0.30781853,0.20515598,0.2638051,0.26489216,0.3174867,0.29234403,0.37694466,0.32639992,0.36077017,0.41484612,0.34167016,0.36437845,0.25833157,0.36352015,0.33089346,1.0000001,0.4207095,0.38234985,0.4791115,0.09856598,0.3167589,0.3338647,0.28792214,0.35577637,0.2563861,0.3654648,0.37094337,0.39640486,0.34675494,0.3266093,0.19801125,0.22152594,0.22646093,0.31334347,0.33127937,0.35729203,0.32859552,0.27122045,0.3413271,0.3330551,0.33267546
Ingresos,0.34220845,0.35730284,0.23268068,0.25764847,0.29616806,0.37843853,0.24745753,0.33537227,0.34295326,0.28189474,0.36667055,0.27845716,0.46228442,0.383253,0.2541231,0.5274502,0.29172164,0.32578892,0.30595917,0.29248303,0.34073573,0.38934535,0.38438958,0.29431978,0.26269943,0.4207095,1.0,0.38893598,0.43751663,0.11784986,0.18251145,0.22823139,0.3255398,0.3382427,0.2798879,0.4527272,0.30188727,0.36641455,0.39218074,0.49592477,0.1619704,0.26625746,0.27301532,0.40855747,0.36554462,0.37591124,0.36412072,0.3335241,0.37537494,0.26473987,0.44871703
Innovación,0.2877242,0.57718956,0.5173713,0.33618462,0.55811703,0.45100495,0.23220345,0.4943436,0.4708408,0.6155987,0.3398551,0.24075636,0.24786744,0.33667582,0.48854387,0.22774783,0.4487716,0.40174913,0.59083843,0.29844174,0.3736788,0.32829642,0.36505044,0.38268477,0.27459645,0.38234985,0.38893598,1.0,0.5386819,0.11876327,0.17159891,0.34785235,0.27540118,0.49056023,0.56751573,0.3813296,0.572647,0.5195951,0.38247305,0.27545142,0.39230138,0.13970304,0.2097015,0.37332237,0.5648492,0.18727392,0.303576,0.44252935,0.40258223,0.4686079,0.29715276
Inventarios,0.41482323,0.41609207,0.38738686,0.20545927,0.341969,0.38983744,0.36291033,0.40464115,0.5011494,0.34510258,0.44665813,0.21761477,0.2592898,0.31156188,0.26744714,0.25238606,0.3603744,0.42381322,0.36463717,0.32212996,0.34358752,0.36551496,0.30043852,0.31569326,0.31056622,0.4791115,0.43751663,0.5386819,1.0000002,0.17955714,0.1736942,0.2844704,0.18521614,0.43700778,0.33275664,0.33125797,0.34148163,0.42877722,0.3633714,0.4481358,0.26636982,0.22600144,0.3079599,0.31471142,0.3294383,0.26058835,0.26187974,0.37243563,0.3817898,0.3086581,0.27706495
Inversión,0.18736976,0.29357287,0.16561173,0.1525185,0.16274644,0.11929946,0.115459025,0.15620631,0.12512437,0.12640816,0.23198023,0.30850282,0.05355423,0.105803035,0.041292228,0.1548863,0.20813811,0.15291095,0.15978938,0.13258448,0.12550218,0.16000637,0.101133406,0.115595765,0.22030988,0.09856598,0.11784986,0.11876327,0.17955714,0.9999996,0.1726964,0.076523736,0.0811482,0.17141415,0.2200766,0.16281626,0.09286181,0.09143643,0.12559007,0.112312354,0.04920395,0.27937204,0.18528399,0.13015369,0.24699125,0.0581862,0.07089951,0.03828196,0.16454911,0.020318506,0.2636738
Lealtad,0.31977916,0.2061288,0.18922263,0.23235969,0.20303772,0.09154472,0.29573882,0.23838632,0.252931,0.26208583,0.14483276,0.27740496,0.2436829,0.18403871,0.24131823,0.23501696,0.2840883,0.18023948,0.25347376,0.26488224,0.26234227,0.25119218,0.15774977,0.22938983,0.1935471,0.3167589,0.18251145,0.17159891,0.1736942,0.1726964,0.99999976,0.2372404,0.13653316,0.15281895,0.2253912,0.202812,0.22192784,0.29738677,0.27450824,0.29897112,0.25913304,0.21405774,0.1727607,0.2051793,0.20528291,0.12146017,0.19639023,0.10074338,0.12103255,0.22312191,0.24553084
Liderazgo,0.37132588,0.27629673,0.22194114,0.18168719,0.39681867,0.30304587,0.17553133,0.38899466,0.2734402,0.3817075,0.31351128,0.09187075,0.2803881,0.28595218,0.17651789,0.28921008,0.26235628,0.15905456,0.37538671,0.1507556,0.15788059,0.23292163,0.2925721,0.20145005,0.2081612,0.3338647,0.22823139,0.34785235,0.2844704,0.076523736,0.2372404,0.99999976,0.2508337,0.20615523,0.32999396,0.23763257,0.30539882,0.26929495,0.26554114,0.21354762,0.14821291,0.18386519,0.24690682,0.29508224,0.35529834,0.28666154,0.24495663,0.29322112,0.3001196,0.1425322,0.3824765
Marca,0.27436638,0.22029273,0.19355175,0.34948286,0.33151144,0.26180682,0.34006912,0.311008,0.27493966,0.30123416,0.35877022,0.1774403,0.25783533,0.21403989,0.20655292,0.2089408,0.26112962,0.15438215,0.28798413,0.26302344,0.31117886,0.38192466,0.17608492,0.19091865,0.19003004,0.28792214,0.3255398,0.27540118,0.18521614,0.0811482,0.13653316,0.2508337,1.0000001,0.22156191,0.24727696,0.28069443,0.25793478,0.24403568,0.1202074,0.25181723,0.16666977,0.10694584,0.2214385,0.2392001,0.25940675,0.33511794,0.35069427,0.2760488,0.22788346,0.18170281,0.38992226
Mejorar eficiencia,0.32219315,0.47695497,0.40696245,0.21056952,0.51064503,0.3961215,0.10850559,0.37738532,0.43347478,0.40393686,0.45234126,0.20218803,0.15741435,0.296412,0.37057585,0.1712625,0.4863658,0.68730396,0.601569,0.485212,0.39193612,0.45524144,0.32324398,0.4784099,0.3676241,0.35577637,0.3382427,0.49056023,0.43700778,0.17141415,0.15281895,0.20615523,0.22156191,1.0000002,0.37997323,0.43193483,0.45101643,0.48306662,0.41718358,0.29663485,0.38636646,0.1138985,0.18262288,0.28410715,0.5507058,0.1970475,0.3084543,0.4589725,0.4701897,0.29025024,0.23627043
Optimización,0.27051213,0.43504018,0.5559869,0.26460278,0.44601548,0.35617754,0.22913182,0.39537877,0.4025737,0.5334096,0.30337602,0.27487147,0.3112691,0.4507944,0.3677715,0.18493918,0.3974926,0.30935752,0.5418618,0.29125097,0.35079995,0.30302387,0.3025438,0.3633103,0.16190201,0.2563861,0.2798879,0.56751573,0.33275664,0.2200766,0.2253912,0.32999396,0.24727696,0.37997323,0.9999998,0.33325514,0.53606856,0.5238144,0.37624824,0.33558822,0.417216,0.24011394,0.24763466,0.49125785,0.5271516,0.17174008,0.27575606,0.37350294,0.32406658,0.40068388,0.2537021
Partes interesadas,0.37005308,0.3722491,0.26527974,0.28318325,0.36269683,0.3354277,0.2473768,0.30225515,0.3808974,0.36208856,0.27702254,0.23881319,0.2389749,0.30174917,0.26890358,0.26213968,0.32190868,0.332859,0.40520984,0.33919498,0.31198555,0.34746253,0.347767,0.29254615,0.30090404,0.3654648,0.4527272,0.3813296,0.33125797,0.16281626,0.202812,0.23763257,0.28069443,0.43193483,0.33325514,1.0000001,0.2862799,0.35525605,0.33919165,0.30466112,0.25418591,0.19076517,0.10881032,0.31597668,0.40100706,0.2638951,0.38114285,0.29744828,0.4217443,0.21611625,0.294944
Personalización,0.2852304,0.4977224,0.60589993,0.26832974,0.43860972,0.329064,0.28151077,0.40647393,0.36321783,0.4660809,0.26938647,0.2511477,0.1818278,0.26395762,0.45787033,0.19196671,0.44757617,0.34467214,0.45783532,0.37325764,0.39618587,0.37237766,0.31362087,0.42333674,0.21473098,0.37094337,0.30188727,0.572647,0.34148163,0.09286181,0.22192784,0.30539882,0.25793478,0.45101643,0.53606856,0.2862799,0.9999999,0.46598414,0.36630803,0.299334,0.44445977,0.11555701,0.20993105,0.335892,0.47572106,0.13075805,0.2342017,0.34158123,0.352108,0.515404,0.20759887
Planificación,0.36077732,0.5180135,0.41760376,0.3465389,0.47778705,0.43766147,0.20389771,0.49067444,0.45880595,0.5110488,0.37820095,0.19100362,0.31619775,0.405962,0.44937968,0.24898115,0.5613171,0.4678256,0.55931246,0.38737518,0.39822662,0.38279647,0.4319439,0.44023907,0.34225264,0.39640486,0.36641455,0.5195951,0.42877722,0.09143643,0.29738677,0.26929495,0.24403568,0.48306662,0.5238144,0.35525605,0.46598414,1.0000002,0.50972545,0.43675196,0.4299393,0.1795736,0.23337379,0.4000249,0.52151597,0.22299671,0.32624447,0.49902824,0.45338425,0.3462289,0.24596792
Posicionamiento,0.2967829,0.37705564,0.31786454,0.1654961,0.3664319,0.348732,0.19165249,0.36282519,0.29899868,0.39376765,0.3450275,0.16893865,0.34505364,0.40546286,0.3411566,0.2872519,0.41051024,0.4066873,0.45438096,0.43977827,0.3891285,0.48714763,0.38187268,0.4530707,0.3499521,0.34675494,0.39218074,0.38247305,0.3633714,0.12559007,0.27450824,0.26554114,0.1202074,0.41718358,0.37624824,0.33919165,0.36630803,0.50972545,0.9999999,0.47479647,0.35136324,0.17452884,0.31866062,0.38084012,0.4213543,0.23911788,0.32187754,0.42580357,0.44605654,0.22213142,0.21458921
Procesos,0.35064787,0.2643894,0.2899365,0.28770393,0.2617331,0.3863936,0.3018511,0.3332379,0.43500257,0.3099485,0.23744616,0.25242442,0.5572536,0.49652296,0.3017939,0.44985306,0.31141257,0.3464535,0.32446194,0.35288864,0.3351726,0.39159167,0.38630894,0.30273595,0.22433865,0.3266093,0.49592477,0.27545142,0.4481358,0.112312354,0.29897112,0.21354762,0.25181723,0.29663485,0.33558822,0.30466112,0.299334,0.43675196,0.47479647,1.0,0.43007618,0.35174033,0.31603688,0.4192806,0.32945096,0.31497464,0.31672698,0.37010938,0.30570203,0.22634192,0.29081666
Protección de la privacidad,0.17557725,0.31348667,0.331048,0.1967043,0.4298504,0.3575971,0.20099838,0.29870477,0.30105013,0.3809327,0.15770492,0.17383076,0.19499159,0.33208424,0.39748788,0.10704414,0.34922826,0.29535198,0.4632191,0.39817908,0.4444202,0.3611624,0.30924946,0.430861,0.14888111,0.19801125,0.1619704,0.39230138,0.26636982,0.04920395,0.25913304,0.14821291,0.16666977,0.38636646,0.417216,0.25418591,0.44445977,0.4299393,0.35136324,0.43007618,1.0,0.048577413,0.057849057,0.31438357,0.35896602,0.058504768,0.29273367,0.3976189,0.3043713,0.3756727,0.16264537
Recursos,0.30927232,0.18370077,0.27283508,0.16252664,0.13410877,0.20913233,0.15505104,0.2535168,0.20139807,0.19029602,0.17297518,0.25798216,0.26950568,0.26703948,0.098251976,0.24117222,0.1838695,0.115988776,0.19155286,0.15911189,0.13121313,0.10325984,0.20683885,0.17285648,0.2319294,0.22152594,0.26625746,0.13970304,0.22600144,0.27937204,0.21405774,0.18386519,0.10694584,0.1138985,0.24011394,0.19076517,0.11555701,0.1795736,0.17452884,0.35174033,0.048577413,1.0000002,0.30266666,0.32426178,0.3027195,0.20801547,0.17101757,0.11703816,0.24192488,0.044926748,0.23343551
Rediseño,0.2999141,0.24346387,0.18530054,0.2515993,0.1672189,0.2842046,0.19639,0.28068462,0.2495799,0.26661545,0.31130487,0.11849284,0.270483,0.24584451,0.13743968,0.2095081,0.15913454,0.2565125,0.17182612,0.20824102,0.19601029,0.3093911,0.24488756,0.23391432,0.12773828,0.22646093,0.27301532,0.2097015,0.3079599,0.18528399,0.1727607,0.24690682,0.2214385,0.18262288,0.24763466,0.10881032,0.20993105,0.23337379,0.31866062,0.31603688,0.057849057,0.30266666,1.0000002,0.45624435,0.35576057,0.34373593,0.23246521,0.24505532,0.19280156,0.12461969,0.24790427
Reducción de costos,0.31816334,0.39660227,0.2973611,0.2167891,0.41295207,0.5527117,0.24835438,0.41806883,0.2947385,0.42030382,0.28766543,0.2036262,0.6298582,0.74838907,0.2371839,0.38153416,0.35075432,0.24211961,0.38375866,0.29328948,0.44643772,0.33784115,0.53777796,0.29652002,0.16528246,0.31334347,0.40855747,0.37332237,0.31471142,0.13015369,0.2051793,0.29508224,0.2392001,0.28410715,0.49125785,0.31597668,0.335892,0.4000249,0.38084012,0.4192806,0.31438357,0.32426178,0.45624435,1.0,0.4927765,0.35014403,0.5168325,0.4650332,0.29284635,0.30577832,0.25913328
Retención,0.37704343,0.555081,0.40568304,0.32389936,0.5970782,0.47136793,0.252926,0.5117561,0.40510052,0.65431184,0.40522724,0.22913823,0.25031525,0.37613815,0.3644412,0.26377025,0.50354457,0.44844463,0.7010326,0.39321977,0.4586528,0.39098823,0.43128347,0.48690674,0.33449534,0.33127937,0.36554462,0.5648492,0.3294383,0.24699125,0.20528291,0.35529834,0.25940675,0.5507058,0.5271516,0.40100706,0.47572106,0.52151597,0.4213543,0.32945096,0.35896602,0.3027195,0.35576057,0.4927765,1.0000005,0.21365798,0.39399034,0.5530525,0.50909823,0.31511196,0.26436046
Satisfacción,0.33221138,0.20983493,0.18542816,0.30193,0.23830888,0.29272082,0.16461805,0.34496865,0.2907455,0.22706461,0.32508224,0.13048816,0.3060609,0.23956513,0.18812342,0.3753305,0.18249264,0.2273025,0.1436798,0.34816077,0.16444108,0.24586359,0.3299228,0.2715505,0.23395571,0.35729203,0.37591124,0.18727392,0.26058835,0.0581862,0.12146017,0.28666154,0.33511794,0.1970475,0.17174008,0.2638951,0.13075805,0.22299671,0.23911788,0.31497464,0.058504768,0.20801547,0.34373593,0.35014403,0.21365798,1.0000002,0.64809674,0.27806485,0.27058765,0.030137409,0.32462972
Satisfacción del cliente,0.28337663,0.2986989,0.24003574,0.25980455,0.38396472,0.47859514,0.5053295,0.4008919,0.29621565,0.36043042,0.27346858,0.14052182,0.29001838,0.3699192,0.3116756,0.32371604,0.36731178,0.2484717,0.34148043,0.3670628,0.70012754,0.33864963,0.46554288,0.33989835,0.2941513,0.32859552,0.36412072,0.303576,0.26187974,0.07089951,0.19639023,0.24495663,0.35069427,0.3084543,0.27575606,0.38114285,0.2342017,0.32624447,0.32187754,0.31672698,0.29273367,0.17101757,0.23246521,0.5168325,0.39399034,0.64809674,1.0000002,0.51511,0.3336692,0.20837228,0.23690581
Soporte técnico,0.27956948,0.47431993,0.34861845,0.29168543,0.4954859,0.49340206,0.23976177,0.40685046,0.44125473,0.5442686,0.32825428,0.11596559,0.29332256,0.4387981,0.33456045,0.27215022,0.4331125,0.41330203,0.5954225,0.34262973,0.47313082,0.39531982,0.5205859,0.37226394,0.28395376,0.27122045,0.3335241,0.44252935,0.37243563,0.03828196,0.10074338,0.29322112,0.2760488,0.4589725,0.37350294,0.29744828,0.34158123,0.49902824,0.42580357,0.37010938,0.3976189,0.11703816,0.24505532,0.4650332,0.5530525,0.27806485,0.51511,1.0000001,0.521592,0.33062238,0.25011504
Tecnologías avanzadas,0.38588393,0.43576515,0.36963814,0.18636304,0.4171978,0.37359828,0.24071473,0.37505114,0.3631288,0.42405516,0.46386892,0.17223954,0.24311498,0.35556304,0.2973109,0.24421573,0.4304061,0.45854753,0.49793017,0.49355656,0.35674125,0.46296874,0.36621743,0.45102614,0.27451515,0.3413271,0.37537494,0.40258223,0.3817898,0.16454911,0.12103255,0.3001196,0.22788346,0.4701897,0.32406658,0.4217443,0.352108,0.45338425,0.44605654,0.30570203,0.3043713,0.24192488,0.19280156,0.29284635,0.50909823,0.27058765,0.3336692,0.521592,1.0000001,0.26852205,0.33531398
Valores organizacionales,0.1981835,0.40201205,0.4103006,0.10807176,0.34322613,0.3212559,0.27135015,0.3056746,0.3542599,0.37577325,0.15105559,0.29898012,0.20514113,0.31592035,0.6466515,0.11428869,0.35778493,0.2035643,0.32098922,0.25052008,0.3511982,0.2811402,0.18971302,0.35140294,0.08541307,0.3330551,0.26473987,0.4686079,0.3086581,0.020318506,0.22312191,0.1425322,0.18170281,0.29025024,0.40068388,0.21611625,0.515404,0.3462289,0.22213142,0.22634192,0.3756727,0.044926748,0.12461969,0.30577832,0.31511196,0.030137409,0.20837228,0.33062238,0.26852205,1.0000002,0.19292367
Ventas,0.33628094,0.3135817,0.17721671,0.37690872,0.29635864,0.2667176,0.19824763,0.25649673,0.43791747,0.2754413,0.26029003,0.26183742,0.34422278,0.27293164,0.20336214,0.41665694,0.21396166,0.24098814,0.28854275,0.24449587,0.1573275,0.38534135,0.31506175,0.25333253,0.18989772,0.33267546,0.44871703,0.29715276,0.27706495,0.2636738,0.24553084,0.3824765,0.38992226,0.23627043,0.2537021,0.294944,0.20759887,0.24596792,0.21458921,0.29081666,0.16264537,0.23343551,0.24790427,0.25913328,0.26436046,0.32462972,0.23690581,0.25011504,0.33531398,0.19292367,1.0
